[
  23844878,
  24938108,
  26484410,
  28633869,
  32057690,
  34835269,
  39964753,
  47863211,
  49275360,
  68867925,
  73007735,
  73305443,
  75114546,
  84663502,
  86995889,
  89836721,
  97237811,
  97790850,
  101821071,
  119399008,
  128680606,
  146634544,
  152924901,
  153722817,
  154637497,
  166150017,
  178194546,
  179406547,
  186088324,
  187561144,
  191592115,
  198738623,
  200542255,
  206320119,
  207092478,
  210917413,
  215687537,
  217290237,
  242701962,
  246544026,
  251470896,
  251614829,
  253661441,
  256569250,
  262511663,
  301019175,
  303443132,
  317635103,
  319697774,
  321307296,
  327761620,
  329903905,
  334652162,
  354879161,
  355268236,
  358158756,
  370440102,
  377857379,
  388275778,
  388305945,
  391549661,
  391694746,
  393499328,
  399472917,
  399662935,
  401639552,
  418668157,
  424677942,
  429816255,
  431660819,
  439797367,
  440339678,
  444923779,
  447032946,
  453368931,
  453711102,
  461952806,
  473808957,
  478246375,
  480436227,
  481704722,
  482664400,
  500536495,
  507261603,
  516996017,
  534811831,
  537079083,
  541474687,
  548858221,
  549880343,
  551276497,
  559402260,
  560738340,
  564580905,
  564586375,
  566361738,
  568856955,
  569937405,
  572723356,
  583713191,
  584437808,
  585116263,
  586445257,
  587294047,
  589128262,
  595256309,
  596803139,
  599744186,
  601376170,
  601594902,
  609602095,
  610134076,
  611085186,
  612174590,
  613892186,
  616675774,
  619371765,
  619528648,
  623670831,
  631959124,
  634947635,
  636980558,
  643003849,
  644333361,
  646919724,
  649666632,
  651205382,
  652318229,
  654297653,
  656132748,
  656405721,
  657872545,
  667244279,
  675585281,
  676555443,
  686153439,
  692618780,
  700630646,
  702451687,
  703800380,
  703840853,
  708788125,
  709411892,
  712279275,
  712764030,
  713461611,
  713537589,
  713692145,
  715034201,
  720616677,
  720690361,
  722164064,
  726688324,
  726987071,
  732783406,
  736295770,
  736389205,
  736748868,
  738000501,
  739553933,
  740281280,
  743814539,
  751053355,
  753816448,
  755704159,
  758020087,
  760629670,
  762468615,
  765286029,
  765461257,
  773265078,
  778407530,
  778765188,
  788378602,
  793310007,
  794193130,
  796010805,
  799848616,
  803979446,
  804200564,
  804374196,
  806000968,
  809717853,
  812511214,
  818346847,
  818405899,
  818503162,
  819179656,
  823211506,
  823579798,
  826903443,
  827793642,
  828767612,
  832080240,
  835982694,
  836558033,
  837367530,
  839545383,
  841210395,
  842770564,
  843085940,
  843328944,
  843980407,
  845686247,
  846110843,
  846842932,
  850833955,
  853461084,
  855198167,
  860651750,
  861648995,
  863794238,
  864792676,
  864983304,
  865137015,
  871344201,
  872352791,
  873082146,
  878131970,
  881168582,
  881312497,
  881579053,
  882426636,
  887210985,
  889914303,
  890805293,
  891030421,
  891853810,
  892418915,
  892910545,
  894452737,
  896019153,
  897130022,
  897304118,
  897491144,
  898700663,
  901658364,
  903027174,
  903412618,
  904954980,
  905110142,
  905821539,
  909873078,
  910243247,
  910410381,
  911833107,
  912421946,
  912557205,
  914303077,
  916610069,
  917063524,
  919600079,
  920215865,
  920231621,
  922367027,
  922432157,
  922522146,
  923694806,
  924320798,
  924732595,
  926675395,
  927736403,
  927971198,
  928921051,
  929111881,
  929143812,
  931398408,
  931649294,
  935459093,
  936056827,
  936233663,
  936990459,
  937451923,
  938173363,
  939277782,
  939450604,
  940218101,
  942156732,
  946805527,
  948461721,
  949708900,
  949844571,
  949963612,
  950276728,
  955062967,
  955145031,
  955187088,
  955955594,
  956954371,
  957121213,
  960765054,
  961870908,
  962925863,
  965051171,
  968404354,
  971457436,
  972879352,
  977077584,
  977884530,
  980244336,
  980694929,
  981605863,
  981931813,
  982539191,
  982803154,
  983459209,
  985770986,
  986276712,
  987738125,
  989152731,
  990032384,
  990586541,
  991918330,
  993235611,
  995807046,
  996752722,
  999190757,
  1006947525,
  1008736026,
  1013103843,
  1013719946,
  1014166294,
  1015943577,
  1016922623,
  1018079443,
  1018093108,
  1022464991,
  1022581989,
  1026844576,
  1030837482,
  1033979355,
  1035575196,
  1035759237,
  1038776523,
  1039394635,
  1043957704,
  1044913094,
  1046220162,
  1049044905,
  1053962360,
  1054496482,
  1057545370,
  1059040348,
  1059593999,
  1059628076,
  1060972243,
  1061372716,
  1061666745,
  1062569759,
  1062742116,
  1064883485,
  1065045464,
  1065142834,
  1065823653,
  1066820983,
  1073357324,
  1073485849,
  1073541149,
  1075454974,
  1076700588,
  1079254949,
  1079398597,
  1079622451,
  1079906604,
  1079945236,
  1080222246,
  1081585213,
  1081666400,
  1082956457,
  1083428770,
  1084243439,
  1085556100,
  1086000450,
  1086592691,
  1087007060,
  1087826902,
  1088601488,
  1088610465,
  1090039087,
  1092548260,
  1092806022,
  1094520656,
  1094597677,
  1095086475,
  1095652362,
  1096194505,
  1097043892,
  1097906297,
  1098575172,
  1100112227,
  1100515764,
  1100951005,
  1100971592,
  1102786240,
  1103553465,
  1104094676,
  1108161207,
  1110191414,
  1110510767,
  1111590425,
  1112565582,
  1113529577,
  1117162553,
  1118475876,
  1121424363,
  1121579262,
  1123324514,
  1123615789,
  1125550707,
  1132369137,
  1133725568,
  1134622635,
  1137002465,
  1137089058,
  1139504544,
  1141479143,
  1145033665,
  1147871022,
  1148473287,
  1149576324,
  1150385453,
  1150478720,
  1151718149,
  1153606942,
  1154754942,
  1154760808,
  1154840783,
  1157651076,
  1158639401,
  1161350012,
  1165254718,
  1166220479,
  1166276961,
  1166638568,
  1167396572,
  1174005062,
  1176261831,
  1176401686,
  1178140790,
  1179826818,
  1180398767,
  1181753283,
  1182457879,
  1182520844,
  1182828016,
  1183373668,
  1185334165,
  1187312079,
  1188249229,
  1188656201,
  1188694168,
  1189026330,
  1190087828,
  1190125150,
  1190796121,
  1191396376,
  1193450842,
  1194413917,
  1195365293,
  1195701836,
  1196184657,
  1197617064,
  1197896686,
  1200551076,
  1200996706,
  1201216154,
  1201306676,
  1202077579,
  1203372342,
  1205892129,
  1206965458,
  1207001427,
  1207210759,
  1208541130,
  1210414442,
  1211553726,
  1211635157,
  1216505058,
  1217728505,
  1218602322,
  1221544109,
  1224043957,
  1225489832,
  1229372514,
  1229964394,
  1230234763,
  1230918560,
  1230965770,
  1231613844,
  1232007490,
  1233942011,
  1235833770,
  1243622015,
  1248024332,
  1249104567,
  1249239461,
  1251293576,
  1252985739,
  1253689548,
  1264112483,
  1264809951,
  1265704798,
  1265794171,
  1267313608,
  1269796764,
  1269856407,
  1270700736,
  1273037512,
  1273304319,
  1273681395,
  1274751173,
  1274969441,
  1276718253,
  1277977428,
  1282970108,
  1282981224,
  1283205126,
  1284172225,
  1285839524,
  1286472316,
  1286847450,
  1291520703,
  1292161287,
  1292363614,
  1292813840,
  1293285941,
  1293371491,
  1294797721,
  1295226184,
  1296741618,
  1298104798,
  1298344556,
  1299119533,
  1299866353,
  1300299011,
  1301488913,
  1301944228,
  1302680844,
  1305495427,
  1307261589,
  1311506982,
  1311972917,
  1313220565,
  1319010155,
  1319218416,
  1319483715,
  1319538348,
  1319732785,
  1322792854,
  1323565913,
  1323699028,
  1325573372,
  1326356277,
  1328959216,
  1329216774,
  1329528946,
  1331451083,
  1331911446,
  1335150727,
  1335461694,
  1336071215,
  1338083660,
  1338977021,
  1340089893,
  1342056727,
  1342315823,
  1342963490,
  1343188802,
  1345303443,
  1345357579,
  1345797310,
  1346353062,
  1346573436,
  1346793323,
  1346940218,
  1347236877,
  1347889709,
  1349056181,
  1349607009,
  1349655707,
  1353881700,
  1355456250,
  1355781302,
  1356517640,
  1359730337,
  1360478464,
  1363546821,
  1363766188,
  1363883951,
  1366569400,
  1368683504,
  1370448891,
  1371166352,
  1371264569,
  1373131307,
  1374189933,
  1374356574,
  1376055213,
  1376318497,
  1378670068,
  1379365097,
  1384335354,
  1385180915,
  1385479918,
  1385505897,
  1388254437,
  1394925031,
  1396710354,
  1397302589,
  1403181641,
  1405675932,
  1407896739,
  1407978698,
  1413767883,
  1415301165,
  1416582523,
  1416965529,
  1419280047,
  1419364126,
  1422112879,
  1424808070,
  1425371031,
  1428451486,
  1428497958,
  1430359928,
  1431594886,
  1433078598,
  1435240576,
  1435455150,
  1435833492,
  1439371204,
  1444074134,
  1446451976,
  1449103383,
  1449860986,
  1450581448,
  1452002217,
  1452471114,
  1460548467,
  1461886443,
  1463413996,
  1463498576,
  1464256683,
  1464517203,
  1466942590,
  1467120715,
  1467149154,
  1467274923,
  1468492303,
  1472340842,
  1476551137,
  1476590004,
  1476708962,
  1477572647,
  1477852570,
  1478618305,
  1479589785,
  1479772849,
  1482054076,
  1484569155,
  1488207808,
  1491018931,
  1492276825,
  1492575435,
  1500912288,
  1504473067,
  1506101276,
  1506548589,
  1506891422,
  1507532466,
  1509319203,
  1509832556,
  1510329365,
  1512031977,
  1513437925,
  1516794437,
  1517217876,
  1521807613,
  1522337984,
  1522885505,
  1527231041,
  1527682202,
  1528958439,
  1529363806,
  1533217379,
  1534493193,
  1536755541,
  1538513428,
  1538908506,
  1540182625,
  1541007990,
  1541880985,
  1542592129,
  1543490983,
  1544854233,
  1544912721,
  1547032066,
  1547459496,
  1549351224,
  1551217031,
  1551491694,
  1553383300,
  1553660075,
  1554134650,
  1554478475,
  1555825397,
  1555983675,
  1560987688,
  1561151984,
  1561453321,
  1562231111,
  1563005701,
  1563445691,
  1564039889,
  1565020498,
  1565172763,
  1566102230,
  1566148782,
  1566983026,
  1568062109,
  1571098984,
  1572108800,
  1575715127,
  1576031657,
  1577156036,
  1578563621,
  1579511989,
  1584785105,
  1587621026,
  1587697358,
  1588811776,
  1588996312,
  1589503900,
  1590836549,
  1591358854,
  1591376574,
  1591911852,
  1594337409,
  1596756085,
  1600754271,
  1601639404,
  1602128901,
  1602905935,
  1603602357,
  1605792808,
  1606014684,
  1607218772,
  1608792838,
  1608987759,
  1609872578,
  1610034357,
  1610854546,
  1614564495,
  1615706073,
  1619127468,
  1620138490,
  1620633128,
  1621719325,
  1624400093,
  1625044308,
  1626418048,
  1627843348,
  1628712107,
  1629172666,
  1631482586,
  1633352135,
  1634333256,
  1634853173,
  1636597191,
  1637236305,
  1638110111,
  1639599994,
  1640056865,
  1640353350,
  1640761473,
  1641936577,
  1642033725,
  1642175013,
  1645843310,
  1646188957,
  1646960536,
  1647405411,
  1649490871,
  1650932717,
  1651157710,
  1651509788,
  1654411704,
  1654557509,
  1656464660,
  1657415928,
  1659275565,
  1660878733,
  1663036521,
  1664332735,
  1665579297,
  1669180174,
  1671209196,
  1673465486,
  1673592552,
  1677234536,
  1677383423,
  1677787589,
  1679932024,
  1680086877,
  1680774572,
  1681364251,
  1684154937,
  1688398090,
  1690957191,
  1692856138,
  1693646078,
  1694498760,
  1699085924,
  1699380394,
  1700272528,
  1703241640,
  1703905353,
  1703954846,
  1704005418,
  1705243583,
  1710637255,
  1711415541,
  1711791876,
  1714322387,
  1714423879,
  1715866562,
  1718797645,
  1719899801,
  1720649422,
  1721744842,
  1721773534,
  1722562674,
  1724264361,
  1725270597,
  1727341161,
  1727470518,
  1728205993,
  1728895170,
  1730584738,
  1730847633,
  1731958777,
  1735687653,
  1739799145,
  1742098999,
  1742552218,
  1743178453,
  1743864681,
  1745638367,
  1746461164,
  1747610807,
  1748362392,
  1749464877,
  1751146014,
  1753705429,
  1755555776,
  1756886388,
  1757653718,
  1760152390,
  1763112795,
  1763630014,
  1767605917,
  1767854329,
  1769795638,
  1770071956,
  1770206921,
  1771544344,
  1772622980,
  1774155923,
  1779289865,
  1780311877,
  1780650101,
  1783206408,
  1784303759,
  1786157165,
  1786985707,
  1788111900,
  1788356444,
  1790225185,
  1791284006,
  1791799911,
  1795897237,
  1797524803,
  1801035612,
  1802539653,
  1803532157,
  1803869823,
  1803997246,
  1806041960,
  1807532870,
  1808674033,
  1810738133,
  1812285635,
  1812836103,
  1814847925,
  1815801625,
  1820381803,
  1820446272,
  1823426867,
  1825428852,
  1826522967,
  1827439613,
  1827961959,
  1830648222,
  1831007330,
  1831973914,
  1834121996,
  1834433969,
  1835032265,
  1835176286,
  1840318322,
  1841174929,
  1842672404,
  1844003558,
  1846040664,
  1848108649,
  1848345658,
  1852596083,
  1852743611,
  1855278827,
  1857574320,
  1857589709,
  1862055472,
  1862273771,
  1867709822,
  1868646074,
  1871328155,
  1872065275,
  1872214065,
  1872680470,
  1872765418,
  1876239129,
  1877169863,
  1882659044,
  1886205161,
  1886890517,
  1888151259,
  1892108962,
  1897369981,
  1897456432,
  1897575583,
  1899718299,
  1900232739,
  1900626565,
  1901843487,
  1905411528,
  1905670092,
  1905980134,
  1908860560,
  1913352473,
  1913657137,
  1917367216,
  1919313734,
  1922492974,
  1930387469,
  1930939091,
  1931406241,
  1932384755,
  1935343662,
  1935903181,
  1941767385,
  1944363789,
  1944516916,
  1944587683,
  1946163353,
  1947318255,
  1949035029,
  1950235390,
  1950463467,
  1954550738,
  1956546218,
  1960374731,
  1960597885,
  1966491634,
  1971811824,
  1972220500,
  1973391730,
  1974975777,
  1975304992,
  1975331280,
  1981640214,
  1985278706,
  1985981885,
  1986645939,
  1988002237,
  1988162585,
  1988717006,
  1991811148,
  1991812830,
  1994917153,
  1996842151,
  1998093138,
  1998148799,
  2001309562,
  2003718154,
  2006622865,
  2009968251,
  2010291865,
  2011624499,
  2014993636,
  2015403371,
  2018311057,
  2019819967,
  2020852926,
  2026049455,
  2029706144,
  2030628548,
  2031290359,
  2031533231,
  2033109007,
  2034727004,
  2041327268,
  2044760528,
  2045222211,
  2045599513,
  2045634269,
  2048521359,
  2049355469,
  2049539973,
  2049995267,
  2053441040,
  2054533418,
  2055995568,
  2056392515,
  2058319740,
  2059877574,
  2061401728,
  2062182601,
  2062617722,
  2065185861,
  2065883527,
  2068997301,
  2069395997,
  2074810364,
  2075536276,
  2076293888,
  2078278938,
  2078802653,
  2081261118,
  2084413023,
  2085651274,
  2086874228,
  2089987048,
  2091385191,
  2092707905,
  2092777263,
  2093376233,
  2094252569,
  2094351503,
  2094991470,
  2096101013,
  2098819398,
  2099952318,
  2100937721,
  2103390546,
  2103634054,
  2105259449,
  2108281062,
  2109002396,
  2110960925,
  2111616896,
  2115958660,
  2117280396,
  2118557862,
  2120286604,
  2120287978,
  2120607315,
  2122429850,
  2127157379,
  2127257411,
  2128735934,
  2132222059,
  2132276699,
  2133195259,
  2139570191,
  2142938474,
  2144374080,
  2145042534,
  5000039684,
  5000707282,
  5005022464,
  5006353322,
  5006550493,
  5010581099,
  5012670620,
  5012681928,
  5015657078,
  5016136570,
  5019494199,
  5020983117,
  5022622625,
  5026503551,
  5027022655,
  5027373502,
  5028603147,
  5029326423,
  5030806149,
  5033067026,
  5034391459,
  5034669061,
  5035543515,
  5037279110,
  5039994624,
  5041209106,
  5042234505,
  5047549061,
  5047597177,
  5047932831,
  5049504110,
  5054400017,
  5059512806,
  5060469630,
  5060504283,
  5061542110,
  5061993382,
  5064213643,
  5067688793,
  5069111191,
  5069284371,
  5070844648,
  5071127517,
  5071493253,
  5073166676,
  5073406257,
  5074310668,
  5074430933,
  5077086559,
  5078818143,
  5079796581,
  5082055408,
  5082939761,
  5084208721,
  5086672565,
  5090490234,
  5095573160,
  5096469699,
  5097376805,
  5097648103,
  5098178412,
  5098250794,
  5099728313,
  5102866989,
  5104817165,
  5105964540,
  5106593959,
  5108171257,
  5110215480,
  5110507648,
  5111897848,
  5115239568,
  5116571795,
  5117681703,
  5118329081,
  5118651337,
  5119901454,
  5126982858,
  5128427801,
  5128851607,
  5133701475,
  5133863314,
  5133961721,
  5135314809,
  5138951579,
  5140593923,
  5142782308,
  5145553274,
  5145719455,
  5146147835,
  5149073113,
  5153966596,
  5154885932,
  5155618848,
  5156131250,
  5156600216,
  5156846068,
  5159004685,
  5159955255,
  5163581134,
  5163674176,
  5165076710,
  5165460241,
  5166382143,
  5168190885,
  5168352954,
  5169327260,
  5176378205,
  5176830057,
  5179047805,
  5180326712,
  5180381179,
  5189386715,
  5190918752,
  5191759288,
  5192462727,
  5192933949,
  5197719406,
  5200378889,
  5203058100,
  5207301920,
  5207638897,
  5209800337,
  5211572177,
  5212120668,
  5215477179,
  5217785866,
  5218658311,
  5224236997,
  5224583151,
  5225127494,
  5229700199,
  5230453218,
  5230568558,
  5233870137,
  5234763402,
  5238735505,
  5241797811,
  5242063723,
  5244413395,
  5246130106,
  5246249028,
  5248438622,
  5249235671,
  5251598512,
  5253002932,
  5254471475,
  5255386082,
  5257110575,
  5258356568,
  5259346467,
  5259617488,
  5259996711,
  5260358882,
  5263832217,
  5265441222,
  5267027188,
  5267489348,
  5267727980,
  5268039026,
  5271662860,
  5272444663,
  5275646861,
  5276391553,
  5280014247,
  5280221097,
  5280406446,
  5281150992,
  5281386117,
  5283166830,
  5283440380,
  5287693621,
  5290745129,
  5292512714,
  5292766292,
  5294080622,
  5294906412,
  5295742089,
  5297039574,
  5297215431,
  5298602537,
  5301458286,
  5302342334,
  5305596675,
  5306883167,
  5309753995,
  5316997802,
  5318122125,
  5318972453,
  5319258969,
  5321640174,
  5323550957,
  5323911128,
  5326687515,
  5326854618,
  5327209916,
  5333612151,
  5333828603,
  5334080728,
  5334970800,
  5336964632,
  5337927549,
  5339225330,
  5340700742,
  5341761698,
  5343589408,
  5346284793,
  5346923665,
  5349357936,
  5349442223,
  5350961566,
  5357841739,
  5357864015,
  5359539655,
  5361712942,
  5362088462,
  5362662992,
  5366335086,
  5367378232,
  5375340281,
  5375358567,
  5375856145,
  5376138976,
  5376818247,
  5378968683,
  5381657955,
  5384341582,
  5386503243,
  5387267293,
  5390661808,
  5390704228,
  5391278188,
  5392267204,
  5392835059,
  5393953195,
  5394625979,
  5394783171,
  5398876028,
  5400637758,
  5401311587,
  5401617736,
  5402692271,
  5404254397,
  5404978718,
  5406362280,
  5406366958,
  5406508875,
  5408838765,
  5410080491,
  5410983492,
  5416824720,
  5423462407,
  5424319274,
  5426377094,
  5426679171,
  5427496502,
  5427543278,
  5430157772,
  5432375973,
  5433025787,
  5433299476,
  5433432298,
  5434305475,
  5437814768,
  5438914541,
  5439376412,
  5439752568,
  5440777108,
  5443569358,
  5444241447,
  5445035388,
  5447865996,
  5450247881,
  5454238818,
  5460332069,
  5460403710,
  5461087965,
  5463415481,
  5464195829,
  5466050716,
  5472934040,
  5474141961,
  5481523009,
  5482401872,
  5485444342,
  5486772280,
  5489299708,
  5489851179,
  5490009887,
  5490599751,
  5491540033,
  5493859503,
  5494173634,
  5495260049,
  5495918862,
  5495925468,
  5496776686,
  5497292087,
  5497984518,
  5498892894,
  5500196697,
  5501509475,
  5501717624,
  5503700123,
  5508945164,
  5509062100,
  5509441264,
  5514354042,
  5516654300,
  5521075684,
  5525740916,
  5527838925,
  5529411589,
  5530160285,
  5532189010,
  5532605251,
  5533313465,
  5534001525,
  5537487906,
  5539832809,
  5540760329,
  5541731342,
  5543198284,
  5544924221,
  5546003195,
  5547755857,
  5549276369,
  5550239463,
  5550374172,
  5551035579,
  5552615712,
  5552918455,
  5553139805,
  5554246799,
  5555590047,
  5564849171,
  5565196656,
  5567432690,
  5568469188,
  5568712109,
  5568857988,
  5571268642,
  5571774132,
  5573270612,
  5573629759,
  5574873710,
  5578191123,
  5578885823,
  5579194785,
  5579750640,
  5583271887,
  5584224500,
  5587857131,
  5588289629,
  5588429209,
  5588654754,
  5588744904,
  5590360895,
  5592190268,
  5593999149,
  5595127728,
  5597036550,
  5599124570,
  5600824515,
  5601698040,
  5607290321,
  5607554064,
  5609115974,
  5609151053,
  5609451006,
  5610895678,
  5617188209,
  5618005537,
  5621517447,
  5626466218,
  5630634767,
  5631418596,
  5632103588,
  5632732953,
  5633017642,
  5633633600,
  5635378775,
  5635620971,
  5637469814,
  5637493413,
  5637585765,
  5638161638,
  5638243569,
  5641029170,
  5641883697,
  5645930077,
  5645972980,
  5646136074,
  5646639837,
  5647142557,
  5650132475,
  5650468506,
  5651009183,
  5651167241,
  5651176752,
  5656137080,
  5656864461,
  5656957023,
  5658668110,
  5658966097,
  5660490762,
  5666872957,
  5667091857,
  5668203880,
  5668443747,
  5669651206,
  5671705951,
  5673497053,
  5674447996,
  5674622526,
  5677525670,
  5682086308,
  5685480324,
  5686368342,
  5687218997,
  5691547720,
  5691608939,
  5692450829,
  5694148046,
  5694604124,
  5695368365,
  5696415073,
  5697789030,
  5700023119,
  5700811551,
  5701692780,
  5703211551,
  5706009357,
  5706278818,
  5709141031,
  5712495962,
  5712982920,
  5713459894,
  5715916979,
  5717028996,
  5719673693,
  5719801021,
  5720220029,
  5721808223,
  5724677890,
  5725019937,
  5726673118,
  5730825048,
  5731971593,
  5734724647,
  5735974816,
  5745440947,
  5745619564,
  5752813709,
  5755305578,
  5757857647,
  5757879335,
  5759131194,
  5760863962,
  5761161322,
  5761344557,
  5764398372,
  5768358453,
  5769250760,
  5773591705,
  5774913034,
  5776635850,
  5779687234,
  5780636506,
  5782941629,
  5783617240,
  5783726164,
  5790083213,
  5791507496,
  5793350595,
  5796439658,
  5796595820,
  5798949041,
  5801053063,
  5801789434,
  5804923448,
  5805234835,
  5807775898,
  5810165227,
  5810645610,
  5811717866,
  5814190444,
  5814911612,
  5815043462,
  5815973964,
  5817705075,
  5819296240,
  5821554794,
  5823446376,
  5826384180,
  5826384384,
  5826452950,
  5826998943,
  5827761559,
  5831117443,
  5832202752,
  5832517395,
  5833658423,
  5834895834,
  5836504032,
  5837603694,
  5838509337,
  5838588625,
  5840341353,
  5842793529,
  5844589108,
  5845032722,
  5845540016,
  5849575291,
  5849705689,
  5850150075,
  5851336575,
  5851540546,
  5851716280,
  5852097995,
  5852506158,
  5852666889,
  5853011725,
  5853910738,
  5856967787,
  5858711510,
  5858812359,
  5859989524,
  5860827243,
  5865605328,
  5869538384,
  5870322144,
  5872336383,
  5874321471,
  5876522126,
  5876694980,
  5878625500,
  5881160977,
  5881406166,
  5882305680,
  5882354347,
  5882438460,
  5885412197,
  5886784814,
  5888472885,
  5889092787,
  5890301945,
  5891314916,
  5892244876,
  5892266276,
  5894718805,
  5901542693,
  5903087648,
  5904216120,
  5904843821,
  5905738676,
  5906214194,
  5908919722,
  5909970823,
  5911700272,
  5911752022,
  5916851303,
  5917177531,
  5918446746,
  5918828490,
  5920072325,
  5920210864,
  5920905626,
  5921345024,
  5921718806,
  5925837264,
  5925947892,
  5929756137,
  5930417478,
  5940138617,
  5942100509,
  5945998648,
  5946404008,
  5946733192,
  5947962466,
  5949773451,
  5951766962,
  5954398115,
  5955405606,
  5956204477,
  5958242683,
  5959268994,
  5961414455,
  5962637960,
  5963176127,
  5963612286,
  5963875556,
  5967319760,
  5967396476,
  5977212852,
  5977988909,
  5978702948,
  5979972421,
  5980748012,
  5981850027,
  5984632795,
  5985675379,
  5987560380,
  5990129496,
  5990197460,
  5990554240,
  5991639822,
  5992141838,
  5992761488,
  5993469189,
  5994129008,
  5994454676,
  5995607738,
  5999739960,
  6000201806,
  6001713005,
  6001883727,
  6002298704,
  6002307610,
  6002721284,
  6003911414,
  6004549544,
  6005346311,
  6006911273,
  6007654620,
  6008434138,
  6008567174,
  6012181307,
  6012863017,
  6015726960,
  6021094480,
  6026658838,
  6027207797,
  6028304996,
  6028630537,
  6032169405,
  6032175760,
  6034547364,
  6036853968,
  6039547773,
  6040278003,
  6041311973,
  6042444475,
  6045641409,
  6047741789,
  6050162927,
  6052780509,
  6054867951,
  6056775268,
  6059662574,
  6063259130,
  6064325265,
  6066050240,
  6073053447,
  6073099082,
  6073928728,
  6075735930,
  6077124900,
  6081726592,
  6082128060,
  6086034354,
  6086414719,
  6090584708,
  6092881193,
  6093484210,
  6095399309,
  6096145960,
  6096647059,
  6096776082,
  6099778131,
  6099824775,
  6101906586,
  6102234549,
  6105263048,
  6106434282,
  6107957365,
  6108171292,
  6109715499,
  6110969669,
  6111098741,
  6111200657,
  6112261181,
  6113891393,
  6121296786,
  6121852264,
  6123586331,
  6123892443,
  6124418997,
  6124828136,
  6125561326,
  6125785301,
  6126408869,
  6126908986,
  6127283155,
  6129020232,
  6129238717,
  6129879216,
  6133310642,
  6133562293,
  6134093048,
  6134697383,
  6135041831,
  6135878265,
  6137356307,
  6139651507,
  6141754271,
  6142401857,
  6144907696,
  6145562794,
  6146546388,
  6147127879,
  6147722078,
  6148453006,
  6150085878,
  6150408819,
  6151630359,
  6153684835,
  6154658869,
  6154700755,
  6155865295,
  6157887462,
  6158079705,
  6160127685,
  6163423302,
  6166079291,
  6167741551,
  6168416528,
  6169272664,
  6173891478,
  6174587722,
  6175568421,
  6176164130,
  6179190273,
  6184314244,
  6189242563,
  6191194779,
  6192934482,
  6197215285,
  6198885411,
  6203081787,
  6203266721,
  6206344365,
  6208983687,
  6212401319,
  6215520879,
  6220018993,
  6221056174,
  6221449480,
  6222444527,
  6222504132,
  6225376084,
  6229693683,
  6230064808,
  6231783642,
  6232013494,
  6232353531,
  6233369535,
  6238154442,
  6240735873,
  6241202467,
  6241777922,
  6241976008,
  6241980784,
  6244287231,
  6245695064,
  6247640670,
  6248746298,
  6249534763,
  6250078295,
  6251557887,
  6252646505,
  6253762346,
  6256447949,
  6257039581,
  6258737612,
  6259316251,
  6260651700,
  6260701106,
  6261281469,
  6261942913,
  6262270230,
  6263107830,
  6264302675,
  6265347554,
  6265709436,
  6266204121,
  6268258233,
  6268863211,
  6269108200,
  6270431780,
  6270756065,
  6270943690,
  6271799914,
  6272308056,
  6275374233,
  6277178036,
  6278493534,
  6280048458,
  6283425890,
  6283612551,
  6284994944,
  6293006843,
  6294700571,
  6294970073,
  6295435919,
  6295564023,
  6296831635,
  6296891070,
  6297639698,
  6299218718,
  6299275283,
  6299736250,
  6299989164,
  6301618477,
  6303133479,
  6306268143,
  6308644421,
  6309116598,
  6311775585,
  6312218068,
  6312916513,
  6315729020,
  6316473811,
  6316908689,
  6320504588,
  6328247043,
  6332171561,
  6335028650,
  6336646993,
  6337338056,
  6337858251,
  6339240102,
  6340309032,
  6340830683,
  6341091989,
  6342270080,
  6343257651,
  6344019486,
  6345207641,
  6347209988,
  6352560934,
  6355418166,
  6360013324,
  6360273233,
  6360632269,
  6361041664,
  6361322140,
  6361366542,
  6368327961,
  6368799210,
  6373649210,
  6375848776,
  6380667404,
  6380739687,
  6381809917,
  6382121752,
  6383241811,
  6383283067,
  6385209591,
  6388188248,
  6390252213,
  6390868363,
  6391032734,
  6392307902,
  6392763783,
  6393249477,
  6401755658,
  6405365418,
  6406467077,
  6406960427,
  6407330814,
  6407512633,
  6407661200,
  6408852144,
  6411564262,
  6412132312,
  6415364353,
  6415482294,
  6417901997,
  6419814367,
  6421310176,
  6429553165,
  6432270714,
  6433971975,
  6435742491,
  6435973793,
  6436165968,
  6436182862,
  6440966638,
  6441838019,
  6442248186,
  6445430381,
  6447996461,
  6449321566,
  6450070741,
  6451433951,
  6454586335,
  6455286749,
  6458151490,
  6458927203,
  6460327057,
  6461880127,
  6464908139,
  6467285444,
  6467598691,
  6467787448,
  6469045847,
  6470257213,
  6470395376,
  6471289294,
  6473889958,
  6474760776,
  6475372801,
  6478946279,
  6481146054,
  6481269509,
  6481281075,
  6482345364,
  6485702992,
  6485864745,
  6488910168,
  6489832554,
  6502582159,
  6502914728,
  6503104946,
  6503736437,
  6504084963,
  6504472965,
  6506537675,
  6508347123,
  6508933892,
  6510414811,
  6510625591,
  6511081826,
  6515461540,
  6516843397,
  6516847248,
  6521464844,
  6523685091,
  6523911918,
  6524978180,
  6525963112,
  6530111179,
  6532730780,
  6534841696,
  6534897697,
  6535400220,
  6536958840,
  6537392027,
  6537795675,
  6538686019,
  6539091199,
  6541124719,
  6541904462,
  6542087416,
  6543398790,
  6545197167,
  6548831265,
  6549806089,
  6550602174,
  6551329263,
  6551550450,
  6552697769,
  6553617298,
  6553774499,
  6558848102,
  6562387854,
  6563234799,
  6564077757,
  6567292616,
  6568508188,
  6569106788,
  6571363605,
  6572593072,
  6573230291,
  6573314750,
  6573803140,
  6574775500,
  6576450740,
  6577655830,
  6578036766,
  6578972801,
  6580868338,
  6581239418,
  6582044897,
  6584357427,
  6585243473,
  6586299555,
  6587086871,
  6587683999,
  6587735922,
  6588622508,
  6592186303,
  6592730615,
  6593197846,
  6593488892,
  6593715142,
  6594501327,
  6595004284,
  6601042786,
  6601501134,
  6605286711,
  6605958323,
  6607180727,
  6607548811,
  6607744688,
  6608245134,
  6610033915,
  6611671517,
  6615352329,
  6616225160,
  6617975980,
  6619092821,
  6619337563,
  6622296128,
  6622564361,
  6628824259,
  6632085876,
  6633732740,
  6634286138,
  6634444581,
  6636905999,
  6637103418,
  6645500918,
  6645922751,
  6648536167,
  6648772764,
  6650006430,
  6656311872,
  6657607659,
  6659449600,
  6661518345,
  6665141172,
  6665744833,
  6668925626,
  6670498048,
  6670533227,
  6673383198,
  6673790946,
  6674883037,
  6675489246,
  6678483128,
  6678823899,
  6681680395,
  6682774637,
  6685343186,
  6686269865,
  6687618373,
  6689396488,
  6691334434,
  6691515484,
  6692408842,
  6692410499,
  6693906998,
  6695947381,
  6697459632,
  6699141434,
  6700086065,
  6702265364,
  6702346772,
  6702361898,
  6702725858,
  6705205989,
  6705514911,
  6706402143,
  6709540796,
  6711525377,
  6712706561,
  6714035188,
  6715974988,
  6718288337,
  6719842056,
  6720252288,
  6720919484,
  6721747292,
  6722781833,
  6723412027,
  6723978052,
  6725002871,
  6727551850,
  6729182180,
  6731369131,
  6731596368,
  6733399237,
  6734384781,
  6734517710,
  6735200675,
  6736320654,
  6739152228,
  6740134328,
  6740324425,
  6742984638,
  6743247488,
  6743261834,
  6743695330,
  6744579179,
  6745659531,
  6746776402,
  6750110777,
  6750399502,
  6751714930,
  6758957541,
  6759376238,
  6760643498,
  6761818231,
  6768964437,
  6770765950,
  6772337780,
  6775387486,
  6775656677,
  6775937566,
  6776156818,
  6777598615,
  6779493426,
  6780663105,
  6782724698,
  6791647926,
  6792600436,
  6795347989,
  6796689578,
  6797792838,
  6802836363,
  6803124894,
  6804456398,
  6806818458,
  6808035873,
  6809476494,
  6809572620,
  6810013655,
  6810826106,
  6811190546,
  6813912501,
  6817247950,
  6818807496,
  6819257909,
  6820305166,
  6822534715,
  6825716332,
  6826893878,
  6826993377,
  6827970460,
  6829017126,
  6829337496,
  6830500238,
  6831397316,
  6832683751,
  6833299874,
  6833698909,
  6835648148,
  6838183518,
  6839104519,
  6839573860,
  6841529305,
  6841774381,
  6842186945,
  6842365747,
  6844989594,
  6845065488,
  6849516721,
  6849614605,
  6854379016,
  6857230814,
  6859727980,
  6860335163,
  6869435075,
  6870986396,
  6871170994,
  6872808021,
  6872924617,
  6875883817,
  6876291347,
  6876899109,
  6877294220,
  6877818881,
  6883998648,
  6884680355,
  6884717328,
  6884914121,
  6885238373,
  6885426265,
  6892730300,
  6893314395,
  6893365856,
  6897679987,
  6899311813,
  6899950106,
  6900383589,
  6900817331,
  6901995703,
  6906865848,
  6908047199,
  6911982047,
  6912540004,
  6913756708,
  6918077397,
  6923154675,
  6924220066,
  6926544663,
  6930842593,
  6937545748,
  6937592360,
  6938799417,
  6938937294,
  6939312584,
  6944081833,
  6946900921,
  6949218726,
  6951206093,
  6952180058,
  6954081167,
  6960375313,
  6963586592,
  6964381303,
  6967954395,
  6968274557,
  6969177207,
  6969297085,
  6969308130,
  6971370723,
  6972328667,
  6972850812,
  6975862902,
  6976219561,
  6976486050,
  6977975158,
  6978699297,
  6981785084,
  6983486686,
  6983790273,
  6987450706,
  6987474424,
  6990933272,
  6991099847,
  6992870103,
  6996351491,
  7000592355,
  7005217787,
  7005464879,
  7005858464,
  7007701484,
  7013044434,
  7013704927,
  7013811155,
  7016257977,
  7019571445,
  7021302114,
  7022513616,
  7025348226,
  7026064602,
  7026568739,
  7031242725,
  7031969857,
  7034090325,
  7036832444,
  7037241418,
  7039910568,
  7041711250,
  7042796847,
  7047158406,
  7049157967,
  7051760549,
  7052303382,
  7055986992,
  7056087731,
  7058624781,
  7060154820,
  7060767150,
  7065259297,
  7066143716,
  7070477485,
  7072035806,
  7072540350,
  7072819072,
  7076224903,
  7085739098,
  7088802722,
  7089544863,
  7089662904,
  7090406138,
  7090998878,
  7095077085,
  7096892429,
  7099881606,
  7100640827,
  7102289450,
  7105283281,
  7106732733,
  7106934038,
  7107244221,
  7109595559,
  7118172109,
  7123401115,
  7125449492,
  7125529281,
  7127553743,
  7127567336,
  7128074889,
  7128075908,
  7129944377,
  7131977401,
  7133133367,
  7134117507,
  7136770386,
  7136811574,
  7138018551,
  7143030996,
  7147147983,
  7147304069,
  7148064850,
  7148532590,
  7149884929,
  7150831066,
  7151917661,
  7155571973,
  7161060587,
  7161824474,
  7164191237,
  7164535342,
  7166062791,
  7166677253,
  7167141036,
  7184997510,
  7185159364,
  7187340879,
  7190062499,
  7191735531,
  7195956854,
  7199075517,
  7199478305,
  7200096300,
  7202875082,
  7205944476,
  7206332140,
  7207069343,
  7208981318,
  7213734051,
  7214146427,
  7216449331,
  7217293881,
  7218189238,
  7221563459,
  7222374189,
  7227607170,
  7229311350,
  7229551728,
  7229958473,
  7235912649,
  7239705379,
  7241055399,
  7244847719,
  7254743503,
  7259967053,
  7260995108,
  7262728454,
  7271264998,
  7274273829,
  7275547147,
  7282076415,
  7284296005,
  7289978956,
  7290837447,
  7291666024,
  7297805340,
  7299172487,
  7300120836,
  7300223620,
  7301283473,
  7304202067,
  7312785746,
  7313642283,
  7316640182,
  7318986207,
  7320862802,
  7321662119,
  7321778395,
  7322437991,
  7322479425,
  7323691491,
  7327184251,
  7329252766,
  7333598765,
  7342517050,
  7343115430,
  7343938023,
  7345272161,
  7345438362,
  7346864096,
  7351190829,
  7351436604,
  7352132787,
  7353634461,
  7355255029,
  7365418937,
  7367419716,
  7368291389,
  7369432365,
  7369635248,
  7374353422,
  7376397482,
  7377263227,
  7377365264,
  7378073565,
  7379305271,
  7379405270,
  7380024244,
  7380790374,
  7380818504,
  7383380905,
  7384110464,
  7385648055,
  7388151724,
  7389415912,
  7390632494,
  7390872678,
  7391493359,
  7392039689,
  7393277866,
  7394474299,
  7397374323,
  7397606376,
  7400941111,
  7402112622,
  7405443611,
  7405616657,
  7405862731,
  7408154328,
  7416654116,
  7417266651,
  7418819754,
  7420841573,
  7422658010,
  7424731323,
  7424991505,
  7426139723,
  7428883016,
  7430526782,
  7439703492,
  7442647668,
  7443201247,
  7443506785,
  7449481763,
  7449729084,
  7450232469,
  7454746007,
  7454752207,
  7455045945,
  7459472629,
  7466504757,
  7470441497,
  7471446537,
  7471950982,
  7473095033,
  7473958383,
  7475165804,
  7478444564,
  7479858420,
  7482605832,
  7485795797,
  7491781451,
  7494594443,
  7503910872,
  7509637152,
  7512379942,
  7513557150,
  7515148508,
  7520014236,
  7521645611,
  7522434089,
  7522623362,
  7527293703,
  7527370772,
  7528812956,
  7528956753,
  7529236747,
  7532019251,
  7532208472,
  7533358485,
  7534509303,
  7534866913,
  7535539991,
  7539559651,
  7541171168,
  7546912467,
  7549515346,
  7550328151,
  7550794770,
  7552970821,
  7556214380,
  7556810405,
  7560384057,
  7561286888,
  7562492952,
  7563464681,
  7564303034,
  7566264336,
  7566377704,
  7567482456,
  7567818134,
  7568732247,
  7569272259,
  7571710835,
  7571754030,
  7572471402,
  7573722291,
  7574510566,
  7575739425,
  7579164632,
  7579374709,
  7582643187,
  7583447975,
  7584895596,
  7586306241,
  7589207082,
  7589225919,
  7592874268,
  7595381640,
  7596964557,
  7599985059,
  7604640570,
  7605232046,
  7605457870,
  7605765149,
  7605817209,
  7607677715,
  7612311151,
  7613137929,
  7614520111,
  7617467242,
  7619754155,
  7621114732,
  7621205339,
  7621932147,
  7623620703,
  7624659345,
  7625511378,
  7626848579,
  7627427651,
  7627933521,
  7628716283,
  7630885150,
  7631129564,
  7631627809,
  7638458276,
  7641574265,
  7642834067,
  7646024477,
  7647027022,
  7651947954,
  7652887874,
  7656807196,
  7658077192,
  7658208424,
  7658310864,
  7658352886,
  7659530610,
  7662881355,
  7663560516,
  7663701616,
  7671052489,
  7671531205,
  7671952275,
  7675221972,
  7675842557,
  7676454440,
  7687474169,
  7687606879,
  7687816121,
  7687882115,
  7688030727,
  7689908154,
  7690305393,
  7693264676,
  7697096440,
  7697445472,
  7697579784,
  7697818885,
  7698012216,
  7700699812,
  7701197456,
  7702342395,
  7706522129,
  7710105673,
  7710755476,
  7715452786,
  7718976417,
  7719947999,
  7720316678,
  7722180159,
  7723304092,
  7725747634,
  7726010283,
  7727850521,
  7728623845,
  7729428086,
  7729546892,
  7730112819,
  7730843291,
  7731568429,
  7733256876,
  7733942709,
  7733997982,
  7734532713,
  7735582130,
  7737558675,
  7737974516,
  7743970433,
  7744049378,
  7746368643,
  7749889330,
  7751969680,
  7753068791,
  7753109953,
  7755671020,
  7756764200,
  7757134319,
  7759123481,
  7759822457,
  7761252152,
  7763027974,
  7765337536,
  7768233962,
  7771423111,
  7771587330,
  7771587690,
  7771637625,
  7773875201,
  7775969627,
  7776511478,
  7776917096,
  7777826123,
  7780463834,
  7786761340,
  7789665874,
  7790984161,
  7792115301,
  7793890959,
  7799468869,
  7802482854,
  7803737369,
  7805963281,
  7808653829,
  7815015723,
  7815062815,
  7815911564,
  7817164353,
  7824069137,
  7824291326,
  7829562802,
  7830877903,
  7843856083,
  7844866532,
  7846799958,
  7849624183,
  7851001690,
  7851753909,
  7852641377,
  7853077716,
  7853570159,
  7856803584,
  7861747912,
  7862717352,
  7866078782,
  7868995016,
  7869785446,
  7869859939,
  7872092020,
  7877700684,
  7877956297,
  7878161467,
  7878620224,
  7879485773,
  7880777872,
  7881938456,
  7883901616,
  7884407807,
  7886637707,
  7886869030,
  7890916656,
  7891061246,
  7891675890,
  7892106825,
  7895487478,
  7896977535,
  7897136281,
  7897261222,
  7907579155,
  7913799175,
  7915399300,
  7916896791,
  7920091015,
  7922964374,
  7924870467,
  7929859255,
  7931405654,
  7931761871,
  7933127742,
  7933858431,
  7934278190,
  7934457899,
  7936401388,
  7938767166,
  7938788856,
  7939080338,
  7944268210,
  7945055712,
  7945827115,
  7947554271,
  7948165609,
  7951948255,
  7952596810,
  7953219182,
  7953574563,
  7954947371,
  7955521626,
  7956919080,
  7958037345,
  7960351263,
  7960545178,
  7960607681,
  7960771864,
  7963316034,
  7965048337,
  7965153078,
  7965602643,
  7968130334,
  7969073781,
  7969474051,
  7973866242,
  7974212827,
  7974327935,
  7974588569,
  7978204767,
  7978735442,
  7980432170,
  7982056636,
  7991651388,
  7992039652,
  7995350415,
  7997008528,
  7998180981,
  7998815693,
  8004740084,
  8005103904,
  8005252493,
  8006259680,
  8006785831,
  8008506912,
  8009370816,
  8010015480,
  8013996971,
  8014642905,
  8015192452,
  8021484176,
  8022927805,
  8025939580,
  8026801333,
  8027745172,
  8029256712,
  8030977902,
  8036174069,
  8036547432,
  8037971328,
  8039013068,
  8041670684,
  8045807229,
  8046422670,
  8050161096,
  8050230562,
  8051329939,
  8053407349,
  8054939747,
  8057118405,
  8059886382,
  8059925069,
  8062794948,
  8065326375,
  8067294936,
  8068408099,
  8068557925,
  8069056211,
  8073434159,
  8073988998,
  8074020986,
  8074715093,
  8079206106,
  8079645389,
  8081809846,
  8083709315,
  8084155307,
  8085026939,
  8088438316,
  8089198790,
  8091601279,
  8093407166,
  8093834267,
  8095700813,
  8095999747,
  8100526984,
  8102733880,
  8102869918,
  8103023267,
  8107670499,
  8108843420,
  8110152236,
  8110578996,
  8110700693,
  8114624849,
  8117022560,
  8117521772,
  8118010588,
  8123738756,
  8124789893,
  8124967955,
  8125377583,
  8130309978,
  8133508309,
  8135790464,
  8138768471,
  8139135671,
  8140464919,
  8142191003,
  8142596536,
  8143622180,
  8143653935,
  8146159490,
  8146637112,
  8146823303,
  8147669494,
  8147709921,
  8148145639,
  8149044776,
  8149313742,
  8150141941,
  8154652130,
  8155585197,
  8158213955,
  8159206929,
  8162224351,
  8166473008,
  8167589973,
  8168467911,
  8170694746,
  8171142949,
  8175281404,
  8176797004,
  8179472347,
  8179842213,
  8181058150,
  8183557884,
  8183734393,
  8185414773,
  8186673209,
  8187144721,
  8187792577,
  8190434478,
  8193337755,
  8193339648,
  8193623424,
  8193794749,
  8195618098,
  8195656434,
  8198316589,
  8199145924,
  8199320615,
  8200006690,
  8201144864,
  8203895686,
  8205621401,
  8206662205,
  8207829148,
  8208424772,
  8208471461,
  8208636840,
  8209830916,
  8210431570,
  8213586092,
  8214600569,
  8215381117,
  8221257641,
  8221398977,
  8222753171,
  8223318587,
  8224649046,
  8227849268,
  8227855695,
  8228086188,
  8230076078,
  8230354066,
  8231367064,
  8232534620,
  8234115451,
  8234813052,
  8235045769,
  8235386133,
  8238077139,
  8241954575,
  8242106485,
  8242512691,
  8244206208,
  8245348381,
  8245752049,
  8247149408,
  8248713822,
  8254455497,
  8256944261,
  8260717472,
  8262112558,
  8264199509,
  8266813379,
  8271159102,
  8275089915,
  8275804813,
  8276885826,
  8277097581,
  8279062696,
  8280327617,
  8283980186,
  8285186247,
  8286085192,
  8290585533,
  8290645049,
  8291562564,
  8291719015,
  8292329872,
  8292381990,
  8293198377,
  8297000925,
  8297576737,
  8305302968,
  8308377571,
  8308972688,
  8309867230,
  8311060277,
  8311293689,
  8311479074,
  8313278946,
  8314836454,
  8315737220,
  8316782595,
  8319713006,
  8322048482,
  8322846596,
  8323157446,
  8324006073,
  8325136843,
  8325323635,
  8325883165,
  8325883581,
  8330716688,
  8332022501,
  8332199774,
  8332958313,
  8337092848,
  8340990982,
  8343358534,
  8343400415,
  8345199816,
  8345734696,
  8349570338,
  8352624912,
  8353690242,
  8353880162,
  8355692534,
  8356340236,
  8356646823,
  8358213229,
  8358881765,
  8361370354,
  8364444929,
  8368895020,
  8370595371,
  8371906801,
  8374011526,
  8375605584,
  8379293303,
  8379812041,
  8380401634,
  8386155803,
  8388734012,
  8393690611,
  8394480255,
  8395004518,
  8395199938,
  8397312551,
  8398069213,
  8402298834,
  8402742783,
  8403883465,
  8404790757,
  8407198651,
  8410004605,
  8410081981,
  8410571228,
  8412451208,
  8414444715,
  8416728912,
  8416733817,
  8417278052,
  8417683222,
  8418489116,
  8422379740,
  8423145851,
  8426627907,
  8426732534,
  8427477934,
  8427644524,
  8430329883,
  8431734042,
  8432813957,
  8435319426,
  8439390662,
  8439950182,
  8441495085,
  8443684443,
  8445722140,
  8449085507,
  8450455292,
  8450525751,
  8450888646,
  8453441319,
  8454159567,
  8455830643,
  8459615277,
  8462335536,
  8462446631,
  8462850971,
  8465250210,
  8466808309,
  8467275793,
  8470879615,
  8471226710,
  8475003450,
  8475353315,
  8475393293,
  8475758529,
  8475936729,
  8476224044,
  8478207156,
  8479913725,
  8482653260,
  8483305918,
  8484540014,
  8486064142,
  8487897234,
  8489197972,
  8490770879,
  8492211169,
  8492815467,
  8495379476,
  8502443480,
  8503036833,
  8504525974,
  8506315829,
  8506781603,
  8507287799,
  8507549856,
  8510392498,
  8510731799,
  8513821008,
  8518089962,
  8519486849,
  8519926971,
  8521772045,
  8522397020,
  8523003770,
  8524019097,
  8524125557,
  8526695134,
  8527635962,
  8531120887,
  8531449542,
  8532930942,
  8536592104,
  8538712892,
  8540706602,
  8540852337,
  8542402803,
  8542606987,
  8546036466,
  8547244410,
  8547341286,
  8548765143,
  8554088689,
  8555679891,
  8557470961,
  8557709886,
  8560787426,
  8561540065,
  8564900030,
  8566192233,
  8567744522,
  8567951490,
  8571597867,
  8575394896,
  8575602335,
  8576525974,
  8576593459,
  8576766514,
  8579665260,
  8582026717,
  8588059455,
  8590265582,
  8590498480,
  8591801992,
  8597643618,
  8598682563,
  8601261873,
  8602603801,
  8611489438,
  8613153705,
  8617206506,
  8624416416,
  8627753136,
  8632778429,
  8633510870,
  8634524567,
  8638171014,
  8652124319,
  8654021728,
  8658274911,
  8664103484,
  8683074873,
  8687870229,
  8692083821,
  8699422615,
  8704705483,
  8704901429,
  8705684730,
  8706735250,
  8709980119,
  8719864927,
  8725880047,
  8728886747,
  8741840937,
  8743477742,
  8746921244,
  8747140690,
  8751969291,
  8752454894,
  8753897411,
  8755083682,
  8756936451,
  8761256435,
  8763107698,
  8766466673,
  8767573681,
  8776425338,
  8779153521,
  8782409911,
  8789351586,
  8789489118,
  8790640283,
  8791183776,
  8794643234
]
